$ 1 0.000005 382.76258214399064 43 5 43 5e-11
r -272 -400 -224 -400 0 10
r -224 -400 -176 -400 0 2000
r -272 -272 -176 -272 0 100000
r -272 -272 -384 -272 0 100000
c -272 -352 -384 -352 0 0.000001 5.52757082361502 0.001
g -384 -352 -384 -320 0 0
g -384 -272 -384 -240 0 0
w -272 -320 -272 -272 0
w -272 -352 -272 -400 0
w -176 -400 -176 -336 0
w -176 -272 -176 -336 0
r 144 160 208 160 0 100000
g -240 368 -240 400 0 0
164 224 160 288 160 8200 7 12 0 0 0 0 0 0 0 false 0
w 208 160 224 160 2
r -240 304 -240 368 0 100000
d -32 -208 0 -208 2 default
a -272 -336 -176 -336 8 12 -12 1000000 5.52757082361502 6.000023616639651 100000
r -176 -272 -112 -272 0 1000
a 80 -160 160 -160 9 12 -12 1000000 2.737128538875644 2.7372462354028153 100000
r 0 -176 -48 -176 0 100000
w 0 -176 80 -176 2
w 80 -144 80 -112 0
w 160 -112 160 -160 2
w -48 -272 -112 -272 2
R -16 -272 -16 -368 0 2 40 3 0 0 0.5
g -48 -176 -48 -144 0 0
a 96 0 176 0 8 12 -12 1000000 11.769652717165265 2.551181102362205 100000
g 96 64 96 80 0 0
R 0 16 0 -16 0 0 40 12 0 0 0.5
w 80 -16 96 -16 2
r 96 16 96 64 0 27000
r 64 16 0 16 0 100000
s -160 224 -160 288 0 1 true
R -160 224 -160 176 0 0 40 12 0 0 0.5
g 144 160 144 192 0 0
S -160 288 -240 288 0 1 false 0 2
w 192 352 224 352 0
d -160 288 -80 288 2 default
w 64 352 192 352 2
R -240 272 -288 272 0 2 10 3 0 0 0.5
w 64 16 96 16 2
a -16 272 64 272 8 12 -12 1000000 2.7371778059576677 2.7372462354028166 100000
w 64 272 64 352 0
r -80 288 -80 368 0 100000
g -80 368 -80 400 0 0
r -16 208 64 208 0 150000
w 64 208 64 272 0
w -16 208 -16 256 0
r -16 208 -96 208 0 100000
g -96 208 -96 224 0 0
w -80 288 -16 288 2
r 160 -64 80 -64 0 1000
w 224 0 224 160 0
d 176 0 224 0 2 default
r 224 0 288 0 0 100000
g 288 0 288 32 0 0
r 320 160 368 160 0 100000
r 320 192 368 192 0 100000
r 320 224 368 224 0 100000
r 320 256 368 256 0 100000
r 320 288 368 288 0 100000
r 320 320 368 320 0 100000
r 320 352 368 352 0 100000
t 432 352 464 352 0 1 -11.999998789951928 -0.01173065440329354 100 default
g 384 512 384 528 0 0
R 464 128 464 96 0 0 40 12 0 0 0.5
162 464 416 464 464 2 default-led 1 0 0 0.01
r 464 464 464 512 0 560
w 384 -160 384 400 0
162 384 416 384 464 2 default-led 1 0 0 0.01
r 384 464 384 512 0 560
r 384 400 448 400 0 1000
S -32 -208 -32 -272 0 1 false 0 2
w 0 -208 0 -176 0
r 80 -112 160 -112 0 330000
g 0 -112 0 -96 0 0
r 80 -112 0 -112 0 100000
w 80 -64 80 -16 0
w 160 -64 160 -112 0
r 160 -160 224 -160 0 1000
w 368 352 432 352 0
w 224 -160 384 -160 0
r 464 368 528 368 0 1000
r 544 336 608 336 0 1000
w 368 320 512 320 0
t 512 320 544 320 0 1 -11.999998789951928 -0.01173065440329354 100 default
r 624 304 688 304 0 1000
w 368 288 592 288 0
t 592 288 624 288 0 1 -11.999998789951928 -0.011730654405365403 100 default
r 704 272 768 272 0 1000
w 368 256 672 256 0
t 672 256 704 256 0 1 -11.999998789951928 -0.011730654403293534 100 default
r 784 240 848 240 0 1000
w 368 224 752 224 0
t 752 224 784 224 0 1 -11.999998789951928 -0.01173065440329354 100 default
r 864 208 928 208 0 1000
w 368 192 832 192 0
t 832 192 864 192 0 1 -11.999998789951928 -0.011730654403293534 100 default
r 944 176 1008 176 0 1000
w 368 160 912 160 0
t 912 160 944 160 0 1 -11.999998789951928 -0.011730654405365403 100 default
r 544 464 544 512 0 560
162 544 416 544 464 2 default-led 1 0 0 0.01
w 384 400 384 416 0
w 384 512 464 512 0
w 464 512 544 512 0
w 464 368 464 416 0
w 544 336 544 416 0
w 464 336 464 128 0
w 544 304 544 128 0
w 464 128 544 128 0
w 624 272 624 128 0
w 704 240 704 128 0
w 784 208 784 128 0
w 864 176 864 128 0
w 944 144 944 128 0
w 944 128 864 128 0
w 864 128 784 128 0
w 784 128 704 128 0
w 704 128 624 128 0
w 624 128 544 128 0
w 624 304 624 416 0
w 544 512 624 512 0
162 624 416 624 464 2 default-led 1 0 0 0.01
r 624 464 624 512 0 560
w 704 272 704 416 0
w 624 512 704 512 0
162 704 416 704 464 2 default-led 1 0 0 0.01
r 704 464 704 512 0 560
w 784 240 784 416 0
w 704 512 784 512 0
162 784 416 784 464 2 default-led 1 0 0 0.01
r 784 464 784 512 0 560
w 864 208 864 416 0
w 784 512 864 512 0
162 864 416 864 464 2 default-led 1 0 0 0.01
r 864 464 864 512 0 560
w 944 176 944 416 0
w 864 512 944 512 0
162 944 416 944 464 2 default-led 1 0 0 0.01
r 944 464 944 512 0 560
w 448 400 1008 400 0
w 528 368 1008 368 0
w 608 336 1008 336 0
w 688 304 1008 304 0
w 768 272 1008 272 0
w 848 240 1008 240 0
w 928 208 1008 208 0
O 1008 176 1040 176 1 0
O 1008 208 1040 208 1 0
O 1008 240 1040 240 1 0
O 1008 272 1040 272 1 0
O 1008 304 1040 304 1 0
O 1008 336 1040 336 1 0
O 1008 368 1040 368 1 0
O 1008 400 1040 400 1 0
38 1 F1 0 1 2000 -1 SPEED
